function [ k ] = k(  )
    k=1.3806488 * 10^(-23);
end

